71297337
  -OEChem-01222006482D

309322  0     1  0  0  0  0  0999 V2000
   12.0632    0.0744    0.0000 O   0  0  0  0  0  0  0  0  0  0  0  0
   13.7953    3.0744    0.0000 O   0  0  0  0  0  0  0  0  0  0  0  0
   12.0632    3.0744    0.0000 O   0  0  0  0  0  0  0  0  0  0  0  0
   12.0632   -1.9256    0.0000 O   0  0  0  0  0  0  0  0  0  0  0  0
   13.7953    0.0744    0.0000 O   0  0  0  0  0  0  0  0  0  0  0  0
   12.9292    5.5744    0.0000 O   0  0  0  0  0  0  0  0  0  0  0  0
   13.6556   -3.5532    0.0000 O   0  0  0  0  0  0  0  0  0  0  0  0
   13.7953    7.0744    0.0000 O   0  0  0  0  0  0  0  0  0  0  0  0
   10.9499   -3.2525    0.0000 O   0  0  0  0  0  0  0  0  0  0  0  0
    9.4651    2.5744    0.0000 O   0  0  0  0  0  0  0  0  0  0  0  0
   16.6556   -5.2853    0.0000 O   0  0  0  0  0  0  0  0  0  0  0  0
   13.6556   -5.2853    0.0000 O   0  0  0  0  0  0  0  0  0  0  0  0
   13.7953    1.0744    0.0000 O   0  0  0  0  0  0  0  0  0  0  0  0
    7.7331    2.5744    0.0000 O   0  0  0  0  0  0  0  0  0  0  0  0
   10.3312    1.0744    0.0000 O   0  0  0  0  0  0  0  0  0  0  0  0
    7.7331    5.5744    0.0000 O   0  0  0  0  0  0  0  0  0  0  0  0
   15.5273    4.0744    0.0000 O   0  0  0  0  0  0  0  0  0  0  0  0
   16.6556   -7.0173    0.0000 O   0  0  0  0  0  0  0  0  0  0  0  0
   19.6556   -7.0173    0.0000 O   0  0  0  0  0  0  0  0  0  0  0  0
   13.9690   -2.9104    0.0000 O   0  0  0  0  0  0  0  0  0  0  0  0
   13.8365    9.7198    0.0000 O   0  0  0  0  0  0  0  0  0  0  0  0
   15.5273   -1.9256    0.0000 O   0  0  0  0  0  0  0  0  0  0  0  0
    6.0010    5.5744    0.0000 O   0  0  0  0  0  0  0  0  0  0  0  0
   12.8240   -5.4777    0.0000 O   0  0  0  0  0  0  0  0  0  0  0  0
   15.6556   -3.5532    0.0000 O   0  0  0  0  0  0  0  0  0  0  0  0
    7.7331    7.5744    0.0000 O   0  0  0  0  0  0  0  0  0  0  0  0
   11.3687   -5.8649    0.0000 O   0  0  0  0  0  0  0  0  0  0  0  0
   19.6556   -8.7494    0.0000 O   0  0  0  0  0  0  0  0  0  0  0  0
    9.4651    4.5744    0.0000 O   0  0  0  0  0  0  0  0  0  0  0  0
   15.6556   -7.0173    0.0000 O   0  0  0  0  0  0  0  0  0  0  0  0
    6.0010    4.5744    0.0000 O   0  0  0  0  0  0  0  0  0  0  0  0
    6.0010    1.5744    0.0000 O   0  0  0  0  0  0  0  0  0  0  0  0
   21.6556   -7.0173    0.0000 O   0  0  0  0  0  0  0  0  0  0  0  0
   18.6556   -5.2853    0.0000 O   0  0  0  0  0  0  0  0  0  0  0  0
   15.7649    7.4217    0.0000 O   0  0  0  0  0  0  0  0  0  0  0  0
   11.1972    4.5744    0.0000 O   0  0  0  0  0  0  0  0  0  0  0  0
   18.6556   -8.7494    0.0000 O   0  0  0  0  0  0  0  0  0  0  0  0
    4.2690    1.5744    0.0000 O   0  0  0  0  0  0  0  0  0  0  0  0
   15.5273    1.0744    0.0000 O   0  0  0  0  0  0  0  0  0  0  0  0
    6.0010    8.5744    0.0000 O   0  0  0  0  0  0  0  0  0  0  0  0
    6.8671    9.0744    0.0000 O   0  0  0  0  0  0  0  0  0  0  0  0
    6.0010   -0.4256    0.0000 O   0  0  0  0  0  0  0  0  0  0  0  0
    4.2690    7.5744    0.0000 O   0  0  0  0  0  0  0  0  0  0  0  0
   15.1633   10.8331    0.0000 O   0  0  0  0  0  0  0  0  0  0  0  0
   22.6556   -8.7494    0.0000 O   0  0  0  0  0  0  0  0  0  0  0  0
   23.1556   -7.8833    0.0000 O   0  0  0  0  0  0  0  0  0  0  0  0
    9.0705   -3.9365    0.0000 O   0  0  0  0  0  0  0  0  0  0  0  0
   21.6556  -10.4814    0.0000 O   0  0  0  0  0  0  0  0  0  0  0  0
   14.1556   -7.8833    0.0000 O   0  0  0  0  0  0  0  0  0  0  0  0
   11.8669    9.3725    0.0000 O   0  0  0  0  0  0  0  0  0  0  0  0
   17.1556   -9.6154    0.0000 O   0  0  0  0  0  0  0  0  0  0  0  0
    5.1350   -1.9256    0.0000 O   0  0  0  0  0  0  0  0  0  0  0  0
    4.2690   -1.4256    0.0000 O   0  0  0  0  0  0  0  0  0  0  0  0
    9.4651    8.5744    0.0000 O   0  0  0  0  0  0  0  0  0  0  0  0
    2.5369   -0.4256    0.0000 O   0  0  0  0  0  0  0  0  0  0  0  0
    3.4030    6.0744    0.0000 O   0  0  0  0  0  0  0  0  0  0  0  0
    9.4651   10.5744    0.0000 O   0  0  0  0  0  0  0  0  0  0  0  0
   16.3933    4.5744    0.0000 O   0  0  0  0  0  0  0  0  0  0  0  0
   22.6556   -5.2853    0.0000 O   0  0  0  0  0  0  0  0  0  0  0  0
    7.7331   11.5744    0.0000 O   0  0  0  0  0  0  0  0  0  0  0  0
   24.6556   -5.2853    0.0000 O   0  0  0  0  0  0  0  0  0  0  0  0
   20.1556  -11.3474    0.0000 O   0  0  0  0  0  0  0  0  0  0  0  0
   25.6556   -7.0173    0.0000 O   0  0  0  0  0  0  0  0  0  0  0  0
    7.7331   -1.4256    0.0000 O   0  0  0  0  0  0  0  0  0  0  0  0
    7.7331   -3.4256    0.0000 O   0  0  0  0  0  0  0  0  0  0  0  0
    2.5369    2.5744    0.0000 O   0  0  0  0  0  0  0  0  0  0  0  0
    6.0010   -4.4256    0.0000 O   0  0  0  0  0  0  0  0  0  0  0  0
    5.1350   10.0744    0.0000 O   0  0  0  0  0  0  0  0  0  0  0  0
   16.1482   11.0068    0.0000 O   0  0  0  0  0  0  0  0  0  0  0  0
   25.6556   -8.7494    0.0000 O   0  0  0  0  0  0  0  0  0  0  0  0
    4.2690   -4.4256    0.0000 O   0  0  0  0  0  0  0  0  0  0  0  0
   15.5273    6.0744    0.0000 N   0  0  0  0  0  0  0  0  0  0  0  0
   16.4489    9.3011    0.0000 N   0  0  0  0  0  0  0  0  0  0  0  0
   12.0632    1.0744    0.0000 C   0  0  2  0  0  0  0  0  0  0  0  0
   12.9292    1.5744    0.0000 C   0  0  1  0  0  0  0  0  0  0  0  0
   11.1972    1.5744    0.0000 C   0  0  1  0  0  0  0  0  0  0  0  0
   13.7953    4.0744    0.0000 C   0  0  1  0  0  0  0  0  0  0  0  0
   12.9292    2.5744    0.0000 C   0  0  2  0  0  0  0  0  0  0  0  0
   11.1972    2.5744    0.0000 C   0  0  1  0  0  0  0  0  0  0  0  0
   12.9292   -1.4256    0.0000 C   0  0  2  0  0  0  0  0  0  0  0  0
   12.9292   -0.4256    0.0000 C   0  0  1  0  0  0  0  0  0  0  0  0
   14.6613    4.5744    0.0000 C   0  0  1  0  0  0  0  0  0  0  0  0
   14.6613    5.5744    0.0000 C   0  0  2  0  0  0  0  0  0  0  0  0
   12.9292    4.5744    0.0000 C   0  0  1  0  0  0  0  0  0  0  0  0
   13.7953   -1.9256    0.0000 C   0  0  2  0  0  0  0  0  0  0  0  0
   12.6556   -3.5532    0.0000 C   0  0  2  0  0  0  0  0  0  0  0  0
   13.7953    6.0744    0.0000 C   0  0  1  0  0  0  0  0  0  0  0  0
   11.8897   -2.9104    0.0000 C   0  0  1  0  0  0  0  0  0  0  0  0
   14.6613   -1.4256    0.0000 C   0  0  1  0  0  0  0  0  0  0  0  0
   14.6613   -0.4256    0.0000 C   0  0  1  0  0  0  0  0  0  0  0  0
   12.4820   -4.5380    0.0000 C   0  0  2  0  0  0  0  0  0  0  0  0
   15.6556   -5.2853    0.0000 C   0  0  2  0  0  0  0  0  0  0  0  0
   10.3312    3.0744    0.0000 C   0  0  0  0  0  0  0  0  0  0  0  0
    7.7331    4.5744    0.0000 C   0  0  2  0  0  0  0  0  0  0  0  0
   15.1556   -4.4192    0.0000 C   0  0  1  0  0  0  0  0  0  0  0  0
   14.1556   -4.4192    0.0000 C   0  0  1  0  0  0  0  0  0  0  0  0
   11.5424   -4.8801    0.0000 C   0  0  1  0  0  0  0  0  0  0  0  0
   14.1373    8.0141    0.0000 C   0  0  1  0  0  0  0  0  0  0  0  0
    8.5991    4.0744    0.0000 C   0  0  1  0  0  0  0  0  0  0  0  0
   10.7763   -4.2373    0.0000 C   0  0  1  0  0  0  0  0  0  0  0  0
    8.5991    3.0744    0.0000 C   0  0  1  0  0  0  0  0  0  0  0  0
   15.1556   -6.1513    0.0000 C   0  0  1  0  0  0  0  0  0  0  0  0
    6.8671    4.0744    0.0000 C   0  0  1  0  0  0  0  0  0  0  0  0
    6.8671    3.0744    0.0000 C   0  0  1  0  0  0  0  0  0  0  0  0
   18.6556   -7.0173    0.0000 C   0  0  2  0  0  0  0  0  0  0  0  0
   14.1556   -6.1513    0.0000 C   0  0  1  0  0  0  0  0  0  0  0  0
   17.1556   -6.1513    0.0000 C   0  0  1  0  0  0  0  0  0  0  0  0
   18.1556   -6.1513    0.0000 C   0  0  2  0  0  0  0  0  0  0  0  0
   15.1221    8.1877    0.0000 C   0  0  1  0  0  0  0  0  0  0  0  0
   12.0632    4.0744    0.0000 C   0  0  0  0  0  0  0  0  0  0  0  0
   13.4945    8.7801    0.0000 C   0  0  1  0  0  0  0  0  0  0  0  0
   18.1556   -7.8833    0.0000 C   0  0  1  0  0  0  0  0  0  0  0  0
    6.8671    6.0744    0.0000 C   0  0  1  0  0  0  0  0  0  0  0  0
    6.8671    7.0744    0.0000 C   0  0  2  0  0  0  0  0  0  0  0  0
   15.4641    9.1274    0.0000 C   0  0  2  0  0  0  0  0  0  0  0  0
   17.1556   -7.8833    0.0000 C   0  0  1  0  0  0  0  0  0  0  0  0
   15.5273    0.0744    0.0000 C   0  0  0  0  0  0  0  0  0  0  0  0
    6.0010    7.5744    0.0000 C   0  0  2  0  0  0  0  0  0  0  0  0
   20.1556   -7.8833    0.0000 C   0  0  1  0  0  0  0  0  0  0  0  0
   21.1556   -7.8833    0.0000 C   0  0  1  0  0  0  0  0  0  0  0  0
    6.0010    2.5744    0.0000 C   0  0  0  0  0  0  0  0  0  0  0  0
    5.1350    7.0744    0.0000 C   0  0  1  0  0  0  0  0  0  0  0  0
   14.8213    9.8935    0.0000 C   0  0  3  0  0  0  0  0  0  0  0  0
    5.1350    6.0744    0.0000 C   0  0  1  0  0  0  0  0  0  0  0  0
   21.6556   -8.7494    0.0000 C   0  0  2  0  0  0  0  0  0  0  0  0
    9.8366   -4.5793    0.0000 C   0  0  0  0  0  0  0  0  0  0  0  0
   21.1556   -9.6154    0.0000 C   0  0  1  0  0  0  0  0  0  0  0  0
   13.6556   -7.0173    0.0000 C   0  0  0  0  0  0  0  0  0  0  0  0
   20.1556   -9.6154    0.0000 C   0  0  1  0  0  0  0  0  0  0  0  0
   12.5097    8.6065    0.0000 C   0  0  0  0  0  0  0  0  0  0  0  0
    5.1350    1.0744    0.0000 C   0  0  1  0  0  0  0  0  0  0  0  0
    5.1350    0.0744    0.0000 C   0  0  2  0  0  0  0  0  0  0  0  0
    7.7331    8.5744    0.0000 C   0  0  1  0  0  0  0  0  0  0  0  0
   16.6556   -8.7494    0.0000 C   0  0  0  0  0  0  0  0  0  0  0  0
    4.2690   -0.4256    0.0000 C   0  0  2  0  0  0  0  0  0  0  0  0
   16.3933    5.5744    0.0000 C   0  0  0  0  0  0  0  0  0  0  0  0
   22.6556   -7.0173    0.0000 C   0  0  1  0  0  0  0  0  0  0  0  0
    8.5991    9.0744    0.0000 C   0  0  2  0  0  0  0  0  0  0  0  0
    3.4030    0.0744    0.0000 C   0  0  1  0  0  0  0  0  0  0  0  0
    3.4030    1.0744    0.0000 C   0  0  1  0  0  0  0  0  0  0  0  0
    4.2690    5.5744    0.0000 C   0  0  0  0  0  0  0  0  0  0  0  0
    8.5991   10.0744    0.0000 C   0  0  2  0  0  0  0  0  0  0  0  0
   23.1556   -6.1513    0.0000 C   0  0  1  0  0  0  0  0  0  0  0  0
    7.7331   10.5744    0.0000 C   0  0  1  0  0  0  0  0  0  0  0  0
    6.8671   10.0744    0.0000 C   0  0  1  0  0  0  0  0  0  0  0  0
   24.1556   -6.1513    0.0000 C   0  0  2  0  0  0  0  0  0  0  0  0
   19.6556  -10.4814    0.0000 C   0  0  0  0  0  0  0  0  0  0  0  0
   24.6556   -7.0173    0.0000 C   0  0  1  0  0  0  0  0  0  0  0  0
   24.1556   -7.8833    0.0000 C   0  0  1  0  0  0  0  0  0  0  0  0
    6.0010   -1.4256    0.0000 C   0  0  1  0  0  0  0  0  0  0  0  0
    6.8671   -1.9256    0.0000 C   0  0  2  0  0  0  0  0  0  0  0  0
   17.2594    6.0744    0.0000 C   0  0  0  0  0  0  0  0  0  0  0  0
    6.8671   -2.9256    0.0000 C   0  0  2  0  0  0  0  0  0  0  0  0
    2.5369    1.5744    0.0000 C   0  0  0  0  0  0  0  0  0  0  0  0
   16.7909   10.2408    0.0000 C   0  0  0  0  0  0  0  0  0  0  0  0
    6.0010   -3.4256    0.0000 C   0  0  1  0  0  0  0  0  0  0  0  0
    5.1350   -2.9256    0.0000 C   0  0  1  0  0  0  0  0  0  0  0  0
    6.0010   10.5744    0.0000 C   0  0  0  0  0  0  0  0  0  0  0  0
   24.6556   -8.7494    0.0000 C   0  0  0  0  0  0  0  0  0  0  0  0
    4.2690   -3.4256    0.0000 C   0  0  0  0  0  0  0  0  0  0  0  0
   17.7757   10.4144    0.0000 C   0  0  0  0  0  0  0  0  0  0  0  0
   11.5263    0.7644    0.0000 H   0  0  0  0  0  0  0  0  0  0  0  0
   12.9292    0.9544    0.0000 H   0  0  0  0  0  0  0  0  0  0  0  0
   11.1972    0.9544    0.0000 H   0  0  0  0  0  0  0  0  0  0  0  0
   14.3322    3.7644    0.0000 H   0  0  0  0  0  0  0  0  0  0  0  0
   12.9292    3.1944    0.0000 H   0  0  0  0  0  0  0  0  0  0  0  0
   11.1972    3.1944    0.0000 H   0  0  0  0  0  0  0  0  0  0  0  0
   12.9292   -2.0456    0.0000 H   0  0  0  0  0  0  0  0  0  0  0  0
   12.9292    0.1944    0.0000 H   0  0  0  0  0  0  0  0  0  0  0  0
   15.1982    4.8844    0.0000 H   0  0  0  0  0  0  0  0  0  0  0  0
   15.1982    5.2644    0.0000 H   0  0  0  0  0  0  0  0  0  0  0  0
   12.3923    4.8844    0.0000 H   0  0  0  0  0  0  0  0  0  0  0  0
   13.2874   -2.2813    0.0000 H   0  0  0  0  0  0  0  0  0  0  0  0
   12.8677   -2.9706    0.0000 H   0  0  0  0  0  0  0  0  0  0  0  0
   14.3322    6.3844    0.0000 H   0  0  0  0  0  0  0  0  0  0  0  0
   12.4723   -2.6984    0.0000 H   0  0  0  0  0  0  0  0  0  0  0  0
   14.6613   -2.0456    0.0000 H   0  0  0  0  0  0  0  0  0  0  0  0
   14.6613    0.1944    0.0000 H   0  0  0  0  0  0  0  0  0  0  0  0
   13.0996   -4.4840    0.0000 H   0  0  0  0  0  0  0  0  0  0  0  0
   15.9656   -5.8222    0.0000 H   0  0  0  0  0  0  0  0  0  0  0  0
   10.7297    3.5493    0.0000 H   0  0  0  0  0  0  0  0  0  0  0  0
    9.9326    3.5493    0.0000 H   0  0  0  0  0  0  0  0  0  0  0  0
    7.1962    4.8844    0.0000 H   0  0  0  0  0  0  0  0  0  0  0  0
   15.7756   -4.4192    0.0000 H   0  0  0  0  0  0  0  0  0  0  0  0
   13.5356   -4.4192    0.0000 H   0  0  0  0  0  0  0  0  0  0  0  0
   12.0173   -5.2786    0.0000 H   0  0  0  0  0  0  0  0  0  0  0  0
   13.5267    7.9064    0.0000 H   0  0  0  0  0  0  0  0  0  0  0  0
    8.5991    4.6944    0.0000 H   0  0  0  0  0  0  0  0  0  0  0  0
   10.3013   -3.8388    0.0000 H   0  0  0  0  0  0  0  0  0  0  0  0
    8.5991    2.4544    0.0000 H   0  0  0  0  0  0  0  0  0  0  0  0
   15.7756   -6.1513    0.0000 H   0  0  0  0  0  0  0  0  0  0  0  0
    6.3301    3.7644    0.0000 H   0  0  0  0  0  0  0  0  0  0  0  0
    6.8671    2.4544    0.0000 H   0  0  0  0  0  0  0  0  0  0  0  0
   18.9656   -6.4804    0.0000 H   0  0  0  0  0  0  0  0  0  0  0  0
   13.5356   -6.1513    0.0000 H   0  0  0  0  0  0  0  0  0  0  0  0
   16.5356   -6.1513    0.0000 H   0  0  0  0  0  0  0  0  0  0  0  0
   17.8456   -5.6144    0.0000 H   0  0  0  0  0  0  0  0  0  0  0  0
   15.7327    8.2954    0.0000 H   0  0  0  0  0  0  0  0  0  0  0  0
   11.6647    3.5994    0.0000 H   0  0  0  0  0  0  0  0  0  0  0  0
   12.4617    3.5994    0.0000 H   0  0  0  0  0  0  0  0  0  0  0  0
   13.0960    9.2551    0.0000 H   0  0  0  0  0  0  0  0  0  0  0  0
   18.7756   -7.8833    0.0000 H   0  0  0  0  0  0  0  0  0  0  0  0
    7.4040    6.3844    0.0000 H   0  0  0  0  0  0  0  0  0  0  0  0
    6.8671    7.6944    0.0000 H   0  0  0  0  0  0  0  0  0  0  0  0
   15.6762    9.7100    0.0000 H   0  0  0  0  0  0  0  0  0  0  0  0
   15.5273    6.6944    0.0000 H   0  0  0  0  0  0  0  0  0  0  0  0
   16.5356   -7.8833    0.0000 H   0  0  0  0  0  0  0  0  0  0  0  0
   15.7394   -0.5082    0.0000 H   0  0  0  0  0  0  0  0  0  0  0  0
   16.1379    0.1820    0.0000 H   0  0  0  0  0  0  0  0  0  0  0  0
   14.3322    1.3844    0.0000 H   0  0  0  0  0  0  0  0  0  0  0  0
   10.3312    0.4544    0.0000 H   0  0  0  0  0  0  0  0  0  0  0  0
    5.4641    7.8844    0.0000 H   0  0  0  0  0  0  0  0  0  0  0  0
   19.5356   -7.8833    0.0000 H   0  0  0  0  0  0  0  0  0  0  0  0
   21.7756   -7.8833    0.0000 H   0  0  0  0  0  0  0  0  0  0  0  0
    5.7890    3.1570    0.0000 H   0  0  0  0  0  0  0  0  0  0  0  0
    5.3905    2.4667    0.0000 H   0  0  0  0  0  0  0  0  0  0  0  0
    5.1350    7.6944    0.0000 H   0  0  0  0  0  0  0  0  0  0  0  0
   14.4228   10.3684    0.0000 H   0  0  0  0  0  0  0  0  0  0  0  0
   15.5273    3.4544    0.0000 H   0  0  0  0  0  0  0  0  0  0  0  0
    5.1350    5.4544    0.0000 H   0  0  0  0  0  0  0  0  0  0  0  0
   21.9656   -9.2863    0.0000 H   0  0  0  0  0  0  0  0  0  0  0  0
    9.3616   -4.9778    0.0000 H   0  0  0  0  0  0  0  0  0  0  0  0
   10.1466   -5.1162    0.0000 H   0  0  0  0  0  0  0  0  0  0  0  0
   14.5515   -3.1225    0.0000 H   0  0  0  0  0  0  0  0  0  0  0  0
   20.8456  -10.1523    0.0000 H   0  0  0  0  0  0  0  0  0  0  0  0
   13.1807   -6.6188    0.0000 H   0  0  0  0  0  0  0  0  0  0  0  0
   13.1807   -7.4158    0.0000 H   0  0  0  0  0  0  0  0  0  0  0  0
   19.5356   -9.6154    0.0000 H   0  0  0  0  0  0  0  0  0  0  0  0
   16.0643   -1.6156    0.0000 H   0  0  0  0  0  0  0  0  0  0  0  0
   11.9728    8.2965    0.0000 H   0  0  0  0  0  0  0  0  0  0  0  0
   12.7217    8.0239    0.0000 H   0  0  0  0  0  0  0  0  0  0  0  0
   12.4255   -5.9527    0.0000 H   0  0  0  0  0  0  0  0  0  0  0  0
    5.1350    1.6944    0.0000 H   0  0  0  0  0  0  0  0  0  0  0  0
    5.1350   -0.5456    0.0000 H   0  0  0  0  0  0  0  0  0  0  0  0
    8.2700    8.2644    0.0000 H   0  0  0  0  0  0  0  0  0  0  0  0
   16.1807   -8.3508    0.0000 H   0  0  0  0  0  0  0  0  0  0  0  0
   16.1807   -9.1479    0.0000 H   0  0  0  0  0  0  0  0  0  0  0  0
   16.2756   -3.5532    0.0000 H   0  0  0  0  0  0  0  0  0  0  0  0
   10.7861   -6.0769    0.0000 H   0  0  0  0  0  0  0  0  0  0  0  0
    3.7320   -0.7356    0.0000 H   0  0  0  0  0  0  0  0  0  0  0  0
   10.0021    4.2644    0.0000 H   0  0  0  0  0  0  0  0  0  0  0  0
    5.4641    4.2644    0.0000 H   0  0  0  0  0  0  0  0  0  0  0  0
   15.3456   -7.5542    0.0000 H   0  0  0  0  0  0  0  0  0  0  0  0
   16.8475    8.8261    0.0000 H   0  0  0  0  0  0  0  0  0  0  0  0
   22.3456   -6.4804    0.0000 H   0  0  0  0  0  0  0  0  0  0  0  0
    9.1360    9.3844    0.0000 H   0  0  0  0  0  0  0  0  0  0  0  0
    3.4030   -0.5456    0.0000 H   0  0  0  0  0  0  0  0  0  0  0  0
    3.4030    1.6944    0.0000 H   0  0  0  0  0  0  0  0  0  0  0  0
   19.2756   -5.2853    0.0000 H   0  0  0  0  0  0  0  0  0  0  0  0
    3.8705    5.0994    0.0000 H   0  0  0  0  0  0  0  0  0  0  0  0
    4.6675    5.0994    0.0000 H   0  0  0  0  0  0  0  0  0  0  0  0
   16.3755    7.5293    0.0000 H   0  0  0  0  0  0  0  0  0  0  0  0
    9.1360    9.7644    0.0000 H   0  0  0  0  0  0  0  0  0  0  0  0
   23.4656   -5.6144    0.0000 H   0  0  0  0  0  0  0  0  0  0  0  0
   10.6603    4.2644    0.0000 H   0  0  0  0  0  0  0  0  0  0  0  0
   18.3456   -9.2863    0.0000 H   0  0  0  0  0  0  0  0  0  0  0  0
    8.2700   10.8844    0.0000 H   0  0  0  0  0  0  0  0  0  0  0  0
    6.3301    9.7644    0.0000 H   0  0  0  0  0  0  0  0  0  0  0  0
   23.8456   -5.6144    0.0000 H   0  0  0  0  0  0  0  0  0  0  0  0
   19.1807  -10.0829    0.0000 H   0  0  0  0  0  0  0  0  0  0  0  0
   19.1807  -10.8799    0.0000 H   0  0  0  0  0  0  0  0  0  0  0  0
   24.9656   -6.4804    0.0000 H   0  0  0  0  0  0  0  0  0  0  0  0
   23.8456   -8.4203    0.0000 H   0  0  0  0  0  0  0  0  0  0  0  0
   16.0643    1.3844    0.0000 H   0  0  0  0  0  0  0  0  0  0  0  0
    6.5380   -1.1156    0.0000 H   0  0  0  0  0  0  0  0  0  0  0  0
    5.4641    8.8844    0.0000 H   0  0  0  0  0  0  0  0  0  0  0  0
    4.2690    8.1944    0.0000 H   0  0  0  0  0  0  0  0  0  0  0  0
   14.7648   11.3081    0.0000 H   0  0  0  0  0  0  0  0  0  0  0  0
    7.4040   -2.2356    0.0000 H   0  0  0  0  0  0  0  0  0  0  0  0
   22.9656   -9.2863    0.0000 H   0  0  0  0  0  0  0  0  0  0  0  0
    8.4879   -4.1485    0.0000 H   0  0  0  0  0  0  0  0  0  0  0  0
   17.5694    5.5374    0.0000 H   0  0  0  0  0  0  0  0  0  0  0  0
   17.7963    6.3844    0.0000 H   0  0  0  0  0  0  0  0  0  0  0  0
   16.9494    6.6113    0.0000 H   0  0  0  0  0  0  0  0  0  0  0  0
   22.2756  -10.4814    0.0000 H   0  0  0  0  0  0  0  0  0  0  0  0
    6.8671   -3.5456    0.0000 H   0  0  0  0  0  0  0  0  0  0  0  0
    1.9264    1.6820    0.0000 H   0  0  0  0  0  0  0  0  0  0  0  0
    2.3249    0.9918    0.0000 H   0  0  0  0  0  0  0  0  0  0  0  0
   13.8456   -8.4203    0.0000 H   0  0  0  0  0  0  0  0  0  0  0  0
    6.5380   -3.7356    0.0000 H   0  0  0  0  0  0  0  0  0  0  0  0
    4.5981   -2.6156    0.0000 H   0  0  0  0  0  0  0  0  0  0  0  0
   12.0790    9.9551    0.0000 H   0  0  0  0  0  0  0  0  0  0  0  0
    6.3996   11.0493    0.0000 H   0  0  0  0  0  0  0  0  0  0  0  0
    5.6025   11.0493    0.0000 H   0  0  0  0  0  0  0  0  0  0  0  0
   16.8456  -10.1523    0.0000 H   0  0  0  0  0  0  0  0  0  0  0  0
    3.7320   -1.7356    0.0000 H   0  0  0  0  0  0  0  0  0  0  0  0
   24.0730   -8.9614    0.0000 H   0  0  0  0  0  0  0  0  0  0  0  0
   24.7633   -9.3600    0.0000 H   0  0  0  0  0  0  0  0  0  0  0  0
   10.0021    8.8844    0.0000 H   0  0  0  0  0  0  0  0  0  0  0  0
    2.0000   -0.1156    0.0000 H   0  0  0  0  0  0  0  0  0  0  0  0
    2.8660    5.7644    0.0000 H   0  0  0  0  0  0  0  0  0  0  0  0
    9.4651   11.1944    0.0000 H   0  0  0  0  0  0  0  0  0  0  0  0
   22.9656   -4.7483    0.0000 H   0  0  0  0  0  0  0  0  0  0  0  0
    7.1962   11.8844    0.0000 H   0  0  0  0  0  0  0  0  0  0  0  0
   25.2756   -5.2853    0.0000 H   0  0  0  0  0  0  0  0  0  0  0  0
   19.8456  -11.8844    0.0000 H   0  0  0  0  0  0  0  0  0  0  0  0
    4.0569   -2.8430    0.0000 H   0  0  0  0  0  0  0  0  0  0  0  0
    3.6584   -3.5333    0.0000 H   0  0  0  0  0  0  0  0  0  0  0  0
   17.8834    9.8038    0.0000 H   0  0  0  0  0  0  0  0  0  0  0  0
   18.3863   10.5221    0.0000 H   0  0  0  0  0  0  0  0  0  0  0  0
   17.6681   11.0250    0.0000 H   0  0  0  0  0  0  0  0  0  0  0  0
   25.9656   -6.4804    0.0000 H   0  0  0  0  0  0  0  0  0  0  0  0
    7.7331   -0.8056    0.0000 H   0  0  0  0  0  0  0  0  0  0  0  0
    8.2700   -3.1156    0.0000 H   0  0  0  0  0  0  0  0  0  0  0  0
    2.0000    2.8844    0.0000 H   0  0  0  0  0  0  0  0  0  0  0  0
    6.5380   -4.7356    0.0000 H   0  0  0  0  0  0  0  0  0  0  0  0
    4.5981   10.3844    0.0000 H   0  0  0  0  0  0  0  0  0  0  0  0
   25.9656   -9.2863    0.0000 H   0  0  0  0  0  0  0  0  0  0  0  0
    4.8059   -4.7356    0.0000 H   0  0  0  0  0  0  0  0  0  0  0  0
 74  1  1  1  0  0  0
 81  1  1  1  0  0  0
 77  2  1  6  0  0  0
 78  2  1  1  0  0  0
  3 78  1  0  0  0  0
  3 79  1  0  0  0  0
 80  4  1  6  0  0  0
 88  4  1  6  0  0  0
  5 81  1  0  0  0  0
  5 90  1  0  0  0  0
  6 84  1  0  0  0  0
  6 87  1  0  0  0  0
 86  7  1  1  0  0  0
 96  7  1  6  0  0  0
 87  8  1  1  0  0  0
 98  8  1  6  0  0  0
  9 88  1  0  0  0  0
  9100  1  0  0  0  0
 10 93  1  0  0  0  0
101 10  1  1  0  0  0
 92 11  1  1  0  0  0
107 11  1  6  0  0  0
 12 96  1  0  0  0  0
 12106  1  0  0  0  0
 75 13  1  1  0  0  0
 13210  1  0  0  0  0
 14101  1  0  0  0  0
 14104  1  0  0  0  0
 76 15  1  6  0  0  0
 15211  1  0  0  0  0
 94 16  1  6  0  0  0
113 16  1  1  0  0  0
 82 17  1  1  0  0  0
 17219  1  0  0  0  0
 18107  1  0  0  0  0
 18116  1  0  0  0  0
105 19  1  1  0  0  0
119 19  1  6  0  0  0
 85 20  1  6  0  0  0
 20224  1  0  0  0  0
 21111  1  0  0  0  0
 21123  1  0  0  0  0
 89 22  1  1  0  0  0
 22229  1  0  0  0  0
 23113  1  0  0  0  0
 23124  1  0  0  0  0
 91 24  1  1  0  0  0
 24232  1  0  0  0  0
 95 25  1  1  0  0  0
 25238  1  0  0  0  0
114 26  1  6  0  0  0
133 26  1  1  0  0  0
 97 27  1  6  0  0  0
 27239  1  0  0  0  0
 28119  1  0  0  0  0
 28129  1  0  0  0  0
 99 29  1  6  0  0  0
 29241  1  0  0  0  0
102 30  1  6  0  0  0
 30243  1  0  0  0  0
103 31  1  1  0  0  0
 31242  1  0  0  0  0
 32121  1  0  0  0  0
131 32  1  6  0  0  0
120 33  1  6  0  0  0
137 33  1  6  0  0  0
108 34  1  6  0  0  0
 34249  1  0  0  0  0
109 35  1  1  0  0  0
 35252  1  0  0  0  0
 36110  1  0  0  0  0
 36255  1  0  0  0  0
112 37  1  6  0  0  0
 37256  1  0  0  0  0
 38131  1  0  0  0  0
 38140  1  0  0  0  0
 39117  1  0  0  0  0
 39264  1  0  0  0  0
118 40  1  6  0  0  0
 40266  1  0  0  0  0
 41133  1  0  0  0  0
 41145  1  0  0  0  0
132 42  1  1  0  0  0
150 42  1  6  0  0  0
122 43  1  1  0  0  0
 43267  1  0  0  0  0
 44123  1  0  0  0  0
 44268  1  0  0  0  0
125 45  1  1  0  0  0
 45270  1  0  0  0  0
 46137  1  0  0  0  0
 46149  1  0  0  0  0
 47126  1  0  0  0  0
 47271  1  0  0  0  0
127 48  1  6  0  0  0
 48275  1  0  0  0  0
 49128  1  0  0  0  0
 49279  1  0  0  0  0
 50130  1  0  0  0  0
 50282  1  0  0  0  0
 51134  1  0  0  0  0
 51285  1  0  0  0  0
 52150  1  0  0  0  0
 52157  1  0  0  0  0
135 53  1  1  0  0  0
 53286  1  0  0  0  0
138 54  1  6  0  0  0
 54289  1  0  0  0  0
139 55  1  6  0  0  0
 55290  1  0  0  0  0
 56141  1  0  0  0  0
 56291  1  0  0  0  0
142 57  1  6  0  0  0
 57292  1  0  0  0  0
 58136  2  0  0  0  0
143 59  1  6  0  0  0
 59293  1  0  0  0  0
144 60  1  1  0  0  0
 60294  1  0  0  0  0
146 61  1  1  0  0  0
 61295  1  0  0  0  0
 62147  1  0  0  0  0
 62296  1  0  0  0  0
148 63  1  6  0  0  0
 63302  1  0  0  0  0
151 64  1  1  0  0  0
 64303  1  0  0  0  0
153 65  1  1  0  0  0
 65304  1  0  0  0  0
 66154  1  0  0  0  0
 66305  1  0  0  0  0
156 67  1  6  0  0  0
 67306  1  0  0  0  0
 68158  1  0  0  0  0
 68307  1  0  0  0  0
 69155  2  0  0  0  0
 70159  1  0  0  0  0
 70308  1  0  0  0  0
 71160  1  0  0  0  0
 71309  1  0  0  0  0
 83 72  1  6  0  0  0
 72136  1  0  0  0  0
 72206  1  0  0  0  0
115 73  1  6  0  0  0
 73155  1  0  0  0  0
 73244  1  0  0  0  0
 74 75  1  0  0  0  0
 74 76  1  0  0  0  0
 74162  1  0  0  0  0
 75 78  1  0  0  0  0
 75163  1  0  0  0  0
 76 79  1  0  0  0  0
 76164  1  0  0  0  0
 77 82  1  0  0  0  0
 77 84  1  0  0  0  0
 77165  1  0  0  0  0
 78166  1  0  0  0  0
 79 93  1  1  0  0  0
 79167  1  0  0  0  0
 80 81  1  0  0  0  0
 80 85  1  0  0  0  0
 80168  1  0  0  0  0
 81169  1  0  0  0  0
 82 83  1  0  0  0  0
 82170  1  0  0  0  0
 83 87  1  0  0  0  0
 83171  1  0  0  0  0
 84110  1  1  0  0  0
 84172  1  0  0  0  0
 85 89  1  0  0  0  0
 85173  1  0  0  0  0
 86 88  1  0  0  0  0
 86 91  1  0  0  0  0
 86174  1  0  0  0  0
 87175  1  0  0  0  0
 88176  1  0  0  0  0
 89 90  1  0  0  0  0
 89177  1  0  0  0  0
 90117  1  6  0  0  0
 90178  1  0  0  0  0
 91 97  1  0  0  0  0
 91179  1  0  0  0  0
 92 95  1  0  0  0  0
 92102  1  0  0  0  0
 92180  1  0  0  0  0
 93181  1  0  0  0  0
 93182  1  0  0  0  0
 94 99  1  0  0  0  0
 94103  1  0  0  0  0
 94183  1  0  0  0  0
 95 96  1  0  0  0  0
 95184  1  0  0  0  0
 96185  1  0  0  0  0
 97100  1  0  0  0  0
 97186  1  0  0  0  0
 98109  1  0  0  0  0
 98111  1  0  0  0  0
 98187  1  0  0  0  0
 99101  1  0  0  0  0
 99188  1  0  0  0  0
100126  1  1  0  0  0
100189  1  0  0  0  0
101190  1  0  0  0  0
102106  1  0  0  0  0
102191  1  0  0  0  0
103104  1  0  0  0  0
103192  1  0  0  0  0
104121  1  6  0  0  0
104193  1  0  0  0  0
105108  1  0  0  0  0
105112  1  0  0  0  0
105194  1  0  0  0  0
106128  1  1  0  0  0
106195  1  0  0  0  0
107108  1  0  0  0  0
107196  1  0  0  0  0
108197  1  0  0  0  0
109115  1  0  0  0  0
109198  1  0  0  0  0
110199  1  0  0  0  0
110200  1  0  0  0  0
111130  1  1  0  0  0
111201  1  0  0  0  0
112116  1  0  0  0  0
112202  1  0  0  0  0
113114  1  0  0  0  0
113203  1  0  0  0  0
114118  1  0  0  0  0
114204  1  0  0  0  0
115123  1  0  0  0  0
115205  1  0  0  0  0
116134  1  1  0  0  0
116207  1  0  0  0  0
117208  1  0  0  0  0
117209  1  0  0  0  0
118122  1  0  0  0  0
118212  1  0  0  0  0
119120  1  0  0  0  0
119213  1  0  0  0  0
120125  1  0  0  0  0
120214  1  0  0  0  0
121215  1  0  0  0  0
121216  1  0  0  0  0
122124  1  0  0  0  0
122217  1  0  0  0  0
123218  1  0  0  0  0
124141  1  6  0  0  0
124220  1  0  0  0  0
125127  1  0  0  0  0
125221  1  0  0  0  0
126222  1  0  0  0  0
126223  1  0  0  0  0
127129  1  0  0  0  0
127225  1  0  0  0  0
128226  1  0  0  0  0
128227  1  0  0  0  0
129147  1  1  0  0  0
129228  1  0  0  0  0
130230  1  0  0  0  0
130231  1  0  0  0  0
131132  1  0  0  0  0
131233  1  0  0  0  0
132135  1  0  0  0  0
132234  1  0  0  0  0
133138  1  0  0  0  0
133235  1  0  0  0  0
134236  1  0  0  0  0
134237  1  0  0  0  0
135139  1  0  0  0  0
135240  1  0  0  0  0
136152  1  0  0  0  0
137143  1  0  0  0  0
137245  1  0  0  0  0
138142  1  0  0  0  0
138246  1  0  0  0  0
139140  1  0  0  0  0
139247  1  0  0  0  0
140154  1  1  0  0  0
140248  1  0  0  0  0
141250  1  0  0  0  0
141251  1  0  0  0  0
142144  1  0  0  0  0
142253  1  0  0  0  0
143146  1  0  0  0  0
143254  1  0  0  0  0
144145  1  0  0  0  0
144257  1  0  0  0  0
145158  1  6  0  0  0
145258  1  0  0  0  0
146148  1  0  0  0  0
146259  1  0  0  0  0
147260  1  0  0  0  0
147261  1  0  0  0  0
148149  1  0  0  0  0
148262  1  0  0  0  0
149159  1  1  0  0  0
149263  1  0  0  0  0
150151  1  0  0  0  0
150265  1  0  0  0  0
151153  1  0  0  0  0
151269  1  0  0  0  0
152272  1  0  0  0  0
152273  1  0  0  0  0
152274  1  0  0  0  0
153156  1  0  0  0  0
153276  1  0  0  0  0
154277  1  0  0  0  0
154278  1  0  0  0  0
155161  1  0  0  0  0
156157  1  0  0  0  0
156280  1  0  0  0  0
157160  1  1  0  0  0
157281  1  0  0  0  0
158283  1  0  0  0  0
158284  1  0  0  0  0
159287  1  0  0  0  0
159288  1  0  0  0  0
160297  1  0  0  0  0
160298  1  0  0  0  0
161299  1  0  0  0  0
161300  1  0  0  0  0
161301  1  0  0  0  0
M  END
> <PUBCHEM_COMPOUND_CID>
71297337

> <PUBCHEM_COMPOUND_CANONICALIZED>
1

> <PUBCHEM_CACTVS_COMPLEXITY>
4430

> <PUBCHEM_CACTVS_HBOND_ACCEPTOR>
71

> <PUBCHEM_CACTVS_HBOND_DONOR>
44

> <PUBCHEM_CACTVS_ROTATABLE_BOND>
42

> <PUBCHEM_CACTVS_SUBSKEYS>
AAADcfB/PgAAAAAAAAAAAAAAAAAAAAAAAAAkSJEiQAAAAAAAAAAAHgAQCAAACDzxgAcCCALABgAIAAEQEAAAAAAAAAAAAIAIAAATEAIAgAAnQAAHFgCXAAHwcA8AAAAAAAAAAAAAAAAAAAAAAAAAAAAAAA==

> <PUBCHEM_IUPAC_OPENEYE_NAME>
N-[(3R,4R,5S,6R)-5-[(2S,3R,4R,5S,6R)-3-acetamido-5-[(2S,3S,4S,5R,6R)-4-[(2R,3S,4S,5S,6R)-3-[(2R,3S,4S,5S,6R)-3-[(2R,3S,4S,5R,6R)-4-[(2R,3R,4S,5R,6R)-4-[(2R,3R,4S,5S,6R)-4,5-dihydroxy-6-(hydroxymethyl)-3-[(2R,3R,4S,5S,6R)-3,4,5-trihydroxy-6-(hydroxymethyl)tetrahydropyran-2-yl]oxy-tetrahydropyran-2-yl]oxy-3,5-dihydroxy-6-(hydroxymethyl)tetrahydropyran-2-yl]oxy-3,5-dihydroxy-6-(hydroxymethyl)tetrahydropyran-2-yl]oxy-4,5-dihydroxy-6-(hydroxymethyl)tetrahydropyran-2-yl]oxy-4,5-dihydroxy-6-(hydroxymethyl)tetrahydropyran-2-yl]oxy-6-[[(2S,3S,4S,5R,6R)-4-[(2S,3S,4S,5S,6R)-4,5-dihydroxy-6-(hydroxymethyl)-3-[(2R,3S,4S,5S,6R)-3,4,5-trihydroxy-6-(hydroxymethyl)tetrahydropyran-2-yl]oxy-tetrahydropyran-2-yl]oxy-6-[[(2S,3S,4S,5S,6R)-4,5-dihydroxy-6-(hydroxymethyl)-3-[(2R,3S,4S,5S,6R)-3,4,5-trihydroxy-6-(hydroxymethyl)tetrahydropyran-2-yl]oxy-tetrahydropyran-2-yl]oxymethyl]-3,5-dihydroxy-tetrahydropyran-2-yl]oxymethyl]-3,5-dihydroxy-tetrahydropyran-2-yl]oxy-4-hydroxy-6-(hydroxymethyl)tetrahydropyran-2-yl]oxy-2,4-dihydroxy-6-(hydroxymethyl)tetrahydropyran-3-yl]acetamide

> <PUBCHEM_IUPAC_CAS_NAME>
N-[(3R,4R,5S,6R)-5-[[(2S,3R,4R,5S,6R)-3-acetamido-5-[[(2S,3S,4S,5R,6R)-4-[[(2R,3S,4S,5S,6R)-3-[[(2R,3S,4S,5S,6R)-3-[[(2R,3S,4S,5R,6R)-4-[[(2R,3R,4S,5R,6R)-4-[[(2R,3R,4S,5S,6R)-4,5-dihydroxy-6-(hydroxymethyl)-3-[[(2R,3R,4S,5S,6R)-3,4,5-trihydroxy-6-(hydroxymethyl)-2-oxanyl]oxy]-2-oxanyl]oxy]-3,5-dihydroxy-6-(hydroxymethyl)-2-oxanyl]oxy]-3,5-dihydroxy-6-(hydroxymethyl)-2-oxanyl]oxy]-4,5-dihydroxy-6-(hydroxymethyl)-2-oxanyl]oxy]-4,5-dihydroxy-6-(hydroxymethyl)-2-oxanyl]oxy]-6-[[(2S,3S,4S,5R,6R)-4-[[(2S,3S,4S,5S,6R)-4,5-dihydroxy-6-(hydroxymethyl)-3-[[(2R,3S,4S,5S,6R)-3,4,5-trihydroxy-6-(hydroxymethyl)-2-oxanyl]oxy]-2-oxanyl]oxy]-6-[[(2S,3S,4S,5S,6R)-4,5-dihydroxy-6-(hydroxymethyl)-3-[[(2R,3S,4S,5S,6R)-3,4,5-trihydroxy-6-(hydroxymethyl)-2-oxanyl]oxy]-2-oxanyl]oxymethyl]-3,5-dihydroxy-2-oxanyl]oxymethyl]-3,5-dihydroxy-2-oxanyl]oxy]-4-hydroxy-6-(hydroxymethyl)-2-oxanyl]oxy]-2,4-dihydroxy-6-(hydroxymethyl)-3-oxanyl]acetamide

> <PUBCHEM_IUPAC_NAME_MARKUP>
<I>N</I>-[(3<I>R</I>,4<I>R</I>,5<I>S</I>,6<I>R</I>)-5-[(2<I>S</I>,3<I>R</I>,4<I>R</I>,5<I>S</I>,6<I>R</I>)-3-acetamido-5-[(2<I>S</I>,3<I>S</I>,4<I>S</I>,5<I>R</I>,6<I>R</I>)-4-[(2<I>R</I>,3<I>S</I>,4<I>S</I>,5<I>S</I>,6<I>R</I>)-3-[(2<I>R</I>,3<I>S</I>,4<I>S</I>,5<I>S</I>,6<I>R</I>)-3-[(2<I>R</I>,3<I>S</I>,4<I>S</I>,5<I>R</I>,6<I>R</I>)-4-[(2<I>R</I>,3<I>R</I>,4<I>S</I>,5<I>R</I>,6<I>R</I>)-4-[(2<I>R</I>,3<I>R</I>,4<I>S</I>,5<I>S</I>,6<I>R</I>)-4,5-dihydroxy-6-(hydroxymethyl)-3-[(2<I>R</I>,3<I>R</I>,4<I>S</I>,5<I>S</I>,6<I>R</I>)-3,4,5-trihydroxy-6-(hydroxymethyl)oxan-2-yl]oxyoxan-2-yl]oxy-3,5-dihydroxy-6-(hydroxymethyl)oxan-2-yl]oxy-3,5-dihydroxy-6-(hydroxymethyl)oxan-2-yl]oxy-4,5-dihydroxy-6-(hydroxymethyl)oxan-2-yl]oxy-4,5-dihydroxy-6-(hydroxymethyl)oxan-2-yl]oxy-6-[[(2<I>S</I>,3<I>S</I>,4<I>S</I>,5<I>R</I>,6<I>R</I>)-4-[(2<I>S</I>,3<I>S</I>,4<I>S</I>,5<I>S</I>,6<I>R</I>)-4,5-dihydroxy-6-(hydroxymethyl)-3-[(2<I>R</I>,3<I>S</I>,4<I>S</I>,5<I>S</I>,6<I>R</I>)-3,4,5-trihydroxy-6-(hydroxymethyl)oxan-2-yl]oxyoxan-2-yl]oxy-6-[[(2<I>S</I>,3<I>S</I>,4<I>S</I>,5<I>S</I>,6<I>R</I>)-4,5-dihydroxy-6-(hydroxymethyl)-3-[(2<I>R</I>,3<I>S</I>,4<I>S</I>,5<I>S</I>,6<I>R</I>)-3,4,5-trihydroxy-6-(hydroxymethyl)oxan-2-yl]oxyoxan-2-yl]oxymethyl]-3,5-dihydroxyoxan-2-yl]oxymethyl]-3,5-dihydroxyoxan-2-yl]oxy-4-hydroxy-6-(hydroxymethyl)oxan-2-yl]oxy-2,4-dihydroxy-6-(hydroxymethyl)oxan-3-yl]acetamide

> <PUBCHEM_IUPAC_NAME>
N-[(3R,4R,5S,6R)-5-[(2S,3R,4R,5S,6R)-3-acetamido-5-[(2S,3S,4S,5R,6R)-4-[(2R,3S,4S,5S,6R)-3-[(2R,3S,4S,5S,6R)-3-[(2R,3S,4S,5R,6R)-4-[(2R,3R,4S,5R,6R)-4-[(2R,3R,4S,5S,6R)-4,5-dihydroxy-6-(hydroxymethyl)-3-[(2R,3R,4S,5S,6R)-3,4,5-trihydroxy-6-(hydroxymethyl)oxan-2-yl]oxyoxan-2-yl]oxy-3,5-dihydroxy-6-(hydroxymethyl)oxan-2-yl]oxy-3,5-dihydroxy-6-(hydroxymethyl)oxan-2-yl]oxy-4,5-dihydroxy-6-(hydroxymethyl)oxan-2-yl]oxy-4,5-dihydroxy-6-(hydroxymethyl)oxan-2-yl]oxy-6-[[(2S,3S,4S,5R,6R)-4-[(2S,3S,4S,5S,6R)-4,5-dihydroxy-6-(hydroxymethyl)-3-[(2R,3S,4S,5S,6R)-3,4,5-trihydroxy-6-(hydroxymethyl)oxan-2-yl]oxyoxan-2-yl]oxy-6-[[(2S,3S,4S,5S,6R)-4,5-dihydroxy-6-(hydroxymethyl)-3-[(2R,3S,4S,5S,6R)-3,4,5-trihydroxy-6-(hydroxymethyl)oxan-2-yl]oxyoxan-2-yl]oxymethyl]-3,5-dihydroxyoxan-2-yl]oxymethyl]-3,5-dihydroxyoxan-2-yl]oxy-4-hydroxy-6-(hydroxymethyl)oxan-2-yl]oxy-2,4-dihydroxy-6-(hydroxymethyl)oxan-3-yl]acetamide

> <PUBCHEM_IUPAC_SYSTEMATIC_NAME>
N-[(3R,4R,5S,6R)-5-[(2S,3R,4R,5S,6R)-3-acetamido-6-(hydroxymethyl)-5-[(2S,3S,4S,5R,6R)-4-[(2R,3S,4S,5S,6R)-6-(hydroxymethyl)-3-[(2R,3S,4S,5S,6R)-6-(hydroxymethyl)-3-[(2R,3S,4S,5R,6R)-6-(hydroxymethyl)-4-[(2R,3R,4S,5R,6R)-6-(hydroxymethyl)-4-[(2R,3R,4S,5S,6R)-6-(hydroxymethyl)-3-[(2R,3R,4S,5S,6R)-6-(hydroxymethyl)-3,4,5-tris(oxidanyl)oxan-2-yl]oxy-4,5-bis(oxidanyl)oxan-2-yl]oxy-3,5-bis(oxidanyl)oxan-2-yl]oxy-3,5-bis(oxidanyl)oxan-2-yl]oxy-4,5-bis(oxidanyl)oxan-2-yl]oxy-4,5-bis(oxidanyl)oxan-2-yl]oxy-6-[[(2S,3S,4S,5R,6R)-4-[(2S,3S,4S,5S,6R)-6-(hydroxymethyl)-3-[(2R,3S,4S,5S,6R)-6-(hydroxymethyl)-3,4,5-tris(oxidanyl)oxan-2-yl]oxy-4,5-bis(oxidanyl)oxan-2-yl]oxy-6-[[(2S,3S,4S,5S,6R)-6-(hydroxymethyl)-3-[(2R,3S,4S,5S,6R)-6-(hydroxymethyl)-3,4,5-tris(oxidanyl)oxan-2-yl]oxy-4,5-bis(oxidanyl)oxan-2-yl]oxymethyl]-3,5-bis(oxidanyl)oxan-2-yl]oxymethyl]-3,5-bis(oxidanyl)oxan-2-yl]oxy-4-oxidanyl-oxan-2-yl]oxy-6-(hydroxymethyl)-2,4-bis(oxidanyl)oxan-3-yl]ethanamide

> <PUBCHEM_IUPAC_TRADITIONAL_NAME>
N-[(3R,4R,5S,6R)-5-[(2S,3R,4R,5S,6R)-3-acetamido-5-[(2S,3S,4S,5R,6R)-4-[(2R,3S,4S,5S,6R)-3-[(2R,3S,4S,5S,6R)-3-[(2R,3S,4S,5R,6R)-4-[(2R,3R,4S,5R,6R)-4-[(2R,3R,4S,5S,6R)-4,5-dihydroxy-6-methylol-3-[(2R,3R,4S,5S,6R)-3,4,5-trihydroxy-6-methylol-tetrahydropyran-2-yl]oxy-tetrahydropyran-2-yl]oxy-3,5-dihydroxy-6-methylol-tetrahydropyran-2-yl]oxy-3,5-dihydroxy-6-methylol-tetrahydropyran-2-yl]oxy-4,5-dihydroxy-6-methylol-tetrahydropyran-2-yl]oxy-4,5-dihydroxy-6-methylol-tetrahydropyran-2-yl]oxy-6-[[(2S,3S,4S,5R,6R)-4-[(2S,3S,4S,5S,6R)-4,5-dihydroxy-6-methylol-3-[(2R,3S,4S,5S,6R)-3,4,5-trihydroxy-6-methylol-tetrahydropyran-2-yl]oxy-tetrahydropyran-2-yl]oxy-6-[[(2S,3S,4S,5S,6R)-4,5-dihydroxy-6-methylol-3-[(2R,3S,4S,5S,6R)-3,4,5-trihydroxy-6-methylol-tetrahydropyran-2-yl]oxy-tetrahydropyran-2-yl]oxymethyl]-3,5-dihydroxy-tetrahydropyran-2-yl]oxymethyl]-3,5-dihydroxy-tetrahydropyran-2-yl]oxy-4-hydroxy-6-methylol-tetrahydropyran-2-yl]oxy-2,4-dihydroxy-6-methylol-tetrahydropyran-3-yl]acetamide

> <PUBCHEM_IUPAC_INCHI>
InChI=1S/C88H148N2O71/c1-17(103)89-33-47(117)64(29(13-101)137-75(33)134)151-76-34(90-18(2)104)48(118)65(30(14-102)148-76)152-83-63(133)69(46(116)32(150-83)15-135-77-60(130)68(155-86-72(54(124)40(110)24(8-96)145-86)159-80-59(129)51(121)37(107)21(5-93)140-80)45(115)31(149-77)16-136-84-70(52(122)38(108)22(6-94)143-84)157-78-57(127)49(119)35(105)19(3-91)138-78)156-87-74(56(126)42(112)25(9-97)146-87)161-88-73(55(125)41(111)26(10-98)147-88)160-82-61(131)66(43(113)27(11-99)142-82)153-81-62(132)67(44(114)28(12-100)141-81)154-85-71(53(123)39(109)23(7-95)144-85)158-79-58(128)50(120)36(106)20(4-92)139-79/h19-88,91-102,105-134H,3-16H2,1-2H3,(H,89,103)(H,90,104)/t19-,20-,21-,22-,23-,24-,25-,26-,27-,28-,29-,30-,31-,32-,33-,34-,35-,36-,37-,38-,39-,40-,41-,42-,43-,44-,45-,46-,47-,48-,49+,50+,51+,52+,53+,54+,55+,56+,57+,58-,59+,60+,61+,62-,63+,64-,65-,66+,67+,68+,69+,70+,71-,72+,73+,74+,75?,76+,77+,78-,79-,80-,81-,82-,83+,84+,85-,86-,87-,88-/m1/s1

> <PUBCHEM_IUPAC_INCHIKEY>
KUYCTNQKTFGPMI-SXHURMOUSA-N

> <PUBCHEM_XLOGP3_AA>
-25.5

> <PUBCHEM_EXACT_MASS>
2368.803191

> <PUBCHEM_MOLECULAR_FORMULA>
C88H148N2O71

> <PUBCHEM_MOLECULAR_WEIGHT>
2370.1

> <PUBCHEM_OPENEYE_CAN_SMILES>
CC(=O)NC1C(C(C(OC1O)CO)OC2C(C(C(C(O2)CO)OC3C(C(C(C(O3)COC4C(C(C(C(O4)COC5C(C(C(C(O5)CO)O)O)OC6C(C(C(C(O6)CO)O)O)O)O)OC7C(C(C(C(O7)CO)O)O)OC8C(C(C(C(O8)CO)O)O)O)O)O)OC9C(C(C(C(O9)CO)O)O)OC1C(C(C(C(O1)CO)O)O)OC1C(C(C(C(O1)CO)O)OC1C(C(C(C(O1)CO)O)OC1C(C(C(C(O1)CO)O)O)OC1C(C(C(C(O1)CO)O)O)O)O)O)O)O)NC(=O)C)O

> <PUBCHEM_OPENEYE_ISO_SMILES>
CC(=O)N[C@@H]1[C@H]([C@@H]([C@H](O[C@H]1O[C@@H]2[C@H](OC([C@@H]([C@H]2O)NC(=O)C)O)CO)CO)O[C@H]3[C@H]([C@H]([C@@H]([C@H](O3)CO[C@@H]4[C@H]([C@H]([C@@H]([C@H](O4)CO[C@@H]5[C@H]([C@H]([C@@H]([C@H](O5)CO)O)O)O[C@@H]6[C@H]([C@H]([C@@H]([C@H](O6)CO)O)O)O)O)O[C@@H]7[C@H]([C@H]([C@@H]([C@H](O7)CO)O)O)O[C@@H]8[C@H]([C@H]([C@@H]([C@H](O8)CO)O)O)O)O)O)O[C@@H]9[C@H]([C@H]([C@@H]([C@H](O9)CO)O)O)O[C@@H]1[C@H]([C@H]([C@@H]([C@H](O1)CO)O)O)O[C@@H]1[C@H]([C@H]([C@@H]([C@H](O1)CO)O)O[C@@H]1[C@@H]([C@H]([C@@H]([C@H](O1)CO)O)O[C@@H]1[C@@H]([C@H]([C@@H]([C@H](O1)CO)O)O)O[C@@H]1[C@@H]([C@H]([C@@H]([C@H](O1)CO)O)O)O)O)O)O)O

> <PUBCHEM_CACTVS_TPSA>
1160

> <PUBCHEM_MONOISOTOPIC_WEIGHT>
2368.803191

> <PUBCHEM_TOTAL_CHARGE>
0

> <PUBCHEM_HEAVY_ATOM_COUNT>
161

> <PUBCHEM_ATOM_DEF_STEREO_COUNT>
69

> <PUBCHEM_ATOM_UDEF_STEREO_COUNT>
1

> <PUBCHEM_BOND_DEF_STEREO_COUNT>
0

> <PUBCHEM_BOND_UDEF_STEREO_COUNT>
0

> <PUBCHEM_ISOTOPIC_ATOM_COUNT>
0

> <PUBCHEM_COMPONENT_COUNT>
1

> <PUBCHEM_CACTVS_TAUTO_COUNT>
-1

> <PUBCHEM_COORDINATE_TYPE>
1
5
255

> <PUBCHEM_BONDANNOTATIONS>
74  1  5
81  1  5
101  10  5
100  126  5
104  121  6
106  128  5
107  11  6
92  11  5
111  130  5
116  134  5
124  141  6
129  147  5
75  13  5
140  154  5
145  158  6
149  159  5
76  15  6
157  160  5
113  16  5
94  16  6
82  17  5
105  19  5
119  19  6
77  2  6
78  2  5
85  20  6
89  22  5
91  24  5
95  25  5
114  26  6
133  26  5
97  27  6
99  29  6
102  30  6
103  31  5
131  32  6
120  33  6
137  33  6
108  34  6
109  35  5
112  37  6
80  4  6
88  4  6
118  40  6
132  42  5
150  42  6
122  43  5
123  44  3
125  45  5
127  48  6
135  53  5
138  54  6
139  55  6
142  57  6
143  59  6
144  60  5
146  61  5
148  63  6
151  64  5
153  65  5
156  67  6
86  7  5
96  7  6
83  72  6
115  73  6
79  93  5
87  8  5
98  8  6
84  110  5
90  117  6

$$$$
